2
15
15
0.0000000000000000
0.0000000000000000
0.0000000000000000
0.0000000000000000
0.0000000000000000
-0.0077708965926841
-0.0034864441917959
0.0012680916048672
0.0062152370595353
0.0109149663081475
0.0000000000000000
0.0000000000000000
0.0000000000000000
0.0000000000000000
0.0000000000000000
0.0000000000000000
0.0000000000000000
0.0000000000000000
-0.0165894897947339
-0.0194319524728913
-0.0209875568353707
-0.0134836853509129
-0.0004173809361687
0.0129425084317939
0.0212724760251797
0.0209389005451825
0.0193859390435339
0.0000000000000000
0.0000000000000000
0.0000000000000000
0.0000000000000000
0.0000000000000000
-0.0230829925520829
-0.0404279403619577
-0.0499650788497707
-0.0437129511985992
-0.0254903875965316
-0.0014286273752133
0.0228201375259464
0.0416301526159102
0.0490304814291643
0.0411736118201954
0.0253944003790864
0.0000000000000000
0.0000000000000000
0.0000000000000000
-0.0288465978848841
-0.0524892260474495
-0.0764946316237121
-0.0778008349237578
-0.0609777284207421
-0.0338031949416433
-0.0016728076471646
0.0305682914163737
0.0580846169240298
0.0756016254451310
0.0756296463812055
0.0534797502670596
0.0311542586104679
0.0000000000000000
0.0000000000000000
-0.0476280630131523
-0.0872141805434249
-0.1047475631002485
-0.0966810525368564
-0.0733906559537009
-0.0402893040604347
-0.0016709493651695
0.0370386058396377
0.0704236621339350
0.0941981597970915
0.1031874191004100
0.0872653913426551
0.0493709192085157
0.0000000000000000
-0.0383413729950241
-0.0731616869826523
-0.1134900376489385
-0.1230830246862326
-0.1103068078643001
-0.0840540396444264
-0.0467425370285897
-0.0016158470792049
0.0435952380334300
0.0812035850657903
0.1079745818171029
0.1214559865069486
0.1131984061407024
0.0745525878052901
0.0406017232767213
-0.0449066824298385
-0.0918686057930854
-0.1290290439579754
-0.1342017681557110
-0.1200940986245792
-0.0932591235899238
-0.0534045227747594
-0.0014604731667947
0.0505709022348870
0.0906855337845213
0.1180733057292203
0.1328843925048033
0.1288417129630361
0.0932699519789913
0.0471679142230681
-0.0497600978832023
-0.1003636499165529
-0.1353183586428131
-0.1388364825707944
-0.1244925699440339
-0.0982524562758044
-0.0572479240988079
-0.0012174584008567
0.0549656696934861
0.0962317825456361
0.1230135219192027
0.1380846089130119
0.1355706768521965
0.1020586534460807
0.0521137034342403
-0.0493118775893525
-0.0971089529051292
-0.1325421133029181
-0.1366478048755108
-0.1224422508454908
-0.0959059037406055
-0.0553635217040585
-0.0007899224870417
0.0538832714560317
0.0947668227749583
0.1218325628906291
0.1366656374279839
0.1335097614333972
0.0992968143411427
0.0517197235433846
-0.0454997728843792
-0.0825504769704084
-0.1210736970990913
-0.1279436066916578
-0.1141759883700062
-0.0872592804990324
-0.0485923478736710
-0.0002170181607089
0.0483317205639226
0.0873269261841243
0.1146272116790922
0.1288821888894779
0.1229581084748859
0.0852802766946264
0.0477038492240518
0.0000000000000000
-0.0596583994437554
-0.0996409420686363
-0.1126695175206818
-0.1017180867018894
-0.0765059423743207
-0.0410921012342082
0.0005635033245355
0.0422475524413633
0.0777736296237916
0.1032181919676652
0.1146960742623546
0.1024864072628017
0.0626821901711875
0.0000000000000000
0.0000000000000000
-0.0419629759597417
-0.0685454823125261
-0.0889669757144285
-0.0851261948196053
-0.0645902425379846
-0.0342734599487009
0.0010825156505076
0.0364655327646312
0.0669094067250444
0.0877671663155656
0.0921477367244077
0.0719518162826628
0.0443908007122579
0.0000000000000000
0.0000000000000000
0.0000000000000000
-0.0372577406680743
-0.0561754264004507
-0.0617634637519211
-0.0497836140874349
-0.0266684363319839
0.0016262123306672
0.0299845151232816
0.0532784139523593
0.0655159830960104
0.0599256468422012
0.0402545996524830
0.0000000000000000
0.0000000000000000
0.0000000000000000
0.0000000000000000
0.0000000000000000
-0.0282770215600456
-0.0318150033787891
-0.0296434877704154
-0.0164660209187969
0.0021026073513754
0.0206598590393873
0.0337561250770992
0.0356226406093862
0.0310951020440683
0.0000000000000000
0.0000000000000000
0.0000000000000000
0.0000000000000000
0.0000000000000000
0.0000000000000000
0.0000000000000000
0.0000000000000000
-0.0143379289641483
-0.0068011532442379
0.0017851816691750
0.0102025806848264
0.0170426710954165
0.0000000000000000
0.0000000000000000
0.0000000000000000
0.0000000000000000
0.0000000000000000
0.0000000000000000
0.0000000000000000
0.0000000000000000
0.0000000000000000
0.0000000000000000
0.0411457311331845
0.0424626429219489
0.0431789389820001
0.0423862245688775
0.0407878371416637
0.0000000000000000
0.0000000000000000
0.0000000000000000
0.0000000000000000
0.0000000000000000
0.0000000000000000
0.0000000000000000
0.0000000000000000
0.0397395569521788
0.0431296715781173
0.0629593858566139
0.0797195077601326
0.0858323426834277
0.0801518199772448
0.0636012508546570
0.0435250622751536
0.0391044666337444
0.0000000000000000
0.0000000000000000
0.0000000000000000
0.0000000000000000
0.0000000000000000
0.0359880343155383
0.0504712070414749
0.0836432896095262
0.1091837199908257
0.1241726100363432
0.1294138795913154
0.1248267437745453
0.1104332404254893
0.0851900444157370
0.0516372256585649
0.0356559854928890
0.0000000000000000
0.0000000000000000
0.0000000000000000
0.0325071367816892
0.0419095585717004
0.0769816119160752
0.1052407200104300
0.1237366477852192
0.1345154764541759
0.1383422574824508
0.1351422133176967
0.1250008303465372
0.1071255352772407
0.0792040598207766
0.0433705209935667
0.0317823900844244
0.0000000000000000
0.0000000000000000
0.0260083494446361
0.0529811259899431
0.0802232465312012
0.0998244866259211
0.1139110278899892
0.1233320276513279
0.1268584817709285
0.1239315679748710
0.1151360245191423
0.1016578010085282
0.0826474118878931
0.0553962651862143
0.0269735432144948
0.0000000000000000
0.0203312734806741
0.0241890386622385
0.0465048929625351
0.0644645320268700
0.0782712731286787
0.0899934084051082
0.0992300247100285
0.1031436867152498
0.0997818451233452
0.0911649062568715
0.0800931514715050
0.0668517502126735
0.0492617355521564
0.0260889547238786
0.0197888153032665
0.0143344719314396
0.0155948710833285
0.0276967441120072
0.0375816949602117
0.0460515227389867
0.0545907926191072
0.0627957505781898
0.0663672318927947
0.0633027585490037
0.0557615818744991
0.0478873565434060
0.0399586960746877
0.0305010014326504
0.0179066110142129
0.0145664655600452
0.0065169283641202
0.0005437972290360
0.0023994940524064
0.0048082802688197
0.0070646979740723
0.0095675696615942
0.0121418082898538
0.0131010315647794
0.0126856113551641
0.0107617388712280
0.0089455570783602
0.0071784434000974
0.0051644861506376
0.0029645395695597
0.0070783318268726
-0.0002630220638809
-0.0157399100120459
-0.0241058664850880
-0.0291186023846723
-0.0334368359934386
-0.0382978151373566
-0.0429881821643822
-0.0452391481590084
-0.0424511815420485
-0.0370064257365639
-0.0315222385939246
-0.0267917066198918
-0.0214355523275944
-0.0134804625285456
0.0001927730621391
-0.0049237363690868
-0.0278232557651127
-0.0465997519420067
-0.0594061274455922
-0.0694601047248011
-0.0788258842294028
-0.0870261396164653
-0.0903094680059230
-0.0863543380298928
-0.0774485713695346
-0.0676276448415764
-0.0571757097008436
-0.0441193494073275
-0.0259720494206367
-0.0049639907972094
0.0000000000000000
-0.0307134614087542
-0.0591564143097446
-0.0812350832359614
-0.0964582335176208
-0.1083128420182511
-0.1168102382700539
-0.1196453699136195
-0.1161308291618794
-0.1070766208354252
-0.0947770684057865
-0.0791664939452534
-0.0570608583166188
-0.0295331403643343
0.0000000000000000
0.0000000000000000
-0.0219109962365499
-0.0558241492889362
-0.0882713660503744
-0.1106942104114811
-0.1254846886894484
-0.1344813124892975
-0.1374241724342476
-0.1339259594418384
-0.1244106333918348
-0.1091762517416121
-0.0865146370675645
-0.0543953520912754
-0.0217283044882577
0.0000000000000000
0.0000000000000000
0.0000000000000000
-0.0368054890896466
-0.0716468982308364
-0.1032299695346079
-0.1246401084598293
-0.1363439677833364
-0.1400596446063120
-0.1358593707239353
-0.1237145504077653
-0.1020214577713840
-0.0704977238600629
-0.0363382567074453
0.0000000000000000
0.0000000000000000
0.0000000000000000
0.0000000000000000
0.0000000000000000
-0.0398183762477808
-0.0677530843873509
-0.0937127887486606
-0.1097651829204316
-0.1151335994437989
-0.1094146871464986
-0.0931082218863340
-0.0671298291457795
-0.0395705932967542
0.0000000000000000
0.0000000000000000
0.0000000000000000
0.0000000000000000
0.0000000000000000
0.0000000000000000
0.0000000000000000
0.0000000000000000
-0.0477280231586709
-0.0560760633836160
-0.0600881573791226
-0.0559661193139157
-0.0476603479787965
0.0000000000000000
0.0000000000000000
0.0000000000000000
0.0000000000000000
0.0000000000000000
