10
15
15
-0.0000000000000000
-0.0000000000000000
-0.0000000000000000
-0.0000000000000000
-0.0000000000000000
-0.0094009294178280
-0.0049237033745223
-0.0000000000023510
0.0049237033699060
0.0094009294133871
-0.0000000000000000
-0.0000000000000000
-0.0000000000000000
-0.0000000000000000
-0.0000000000000000
-0.0000000000000000
-0.0000000000000000
-0.0000000000000000
-0.0182258480024197
-0.0205315007088414
-0.0213801893997250
-0.0133491630243923
-0.0000000000046172
0.0133491630157859
0.0213801893928935
0.0205315007041425
0.0182258479981717
-0.0000000000000000
-0.0000000000000000
-0.0000000000000000
-0.0000000000000000
-0.0000000000000000
-0.0246482847417835
-0.0412829845722012
-0.0498387755683282
-0.0428412088512983
-0.0242210791653926
-0.0000000000069193
0.0242210791520756
0.0428412088395409
0.0498387755592694
0.0412829845666952
0.0246482847379256
-0.0000000000000000
-0.0000000000000000
-0.0000000000000000
-0.0303247514045237
-0.0535513910850707
-0.0764527447732627
-0.0768768189177263
-0.0596118651596367
-0.0322171463879838
-0.0000000000073847
0.0322171463735878
0.0596118651463533
0.0768768189063756
0.0764527447648986
0.0535513910804817
0.0303247514010792
-0.0000000000000000
-0.0000000000000000
-0.0490682063843578
-0.0877191430196541
-0.1041938736451711
-0.0955428805115101
-0.0719301337354829
-0.0386519044575473
-0.0000000000067615
0.0386519044443667
0.0719301337232681
0.0955428805007597
0.1041938736364731
0.0877191430138567
0.0490682063815098
-0.0000000000000000
-0.0397935973794991
-0.0744367293018312
-0.1136998325098462
-0.1224328776519092
-0.1091767807823717
-0.0825891856385977
-0.0451347849418403
-0.0000000000054934
0.0451347849312426
0.0825891856289537
0.1091767807739395
0.1224328776449133
0.1136998325047398
0.0744367292991450
0.0397935973773487
-0.0464965041368666
-0.0930919978535676
-0.1292328838313805
-0.1336818177512266
-0.1190697114002953
-0.0919221482834271
-0.0519576645235044
-0.0000000000035284
0.0519576645168040
0.0919221482775691
0.1190697113953155
0.1336818177471167
0.1292328838282950
0.0930919978517940
0.0464965041353205
-0.0513978541545751
-0.1016903465839769
-0.1357365466851482
-0.1385984781981941
-0.1237375444534614
-0.0972053359822284
-0.0560731548563657
-0.0000000000006796
0.0560731548550829
0.0972053359811840
0.1237375444526517
0.1385984781975975
0.1357365466847800
0.1016903465838177
0.0513978541538541
-0.0508898665164362
-0.0986491310042341
-0.1333409956586932
-0.1368269117076379
-0.1221471906233002
-0.0953300412461041
-0.0545919843652924
0.0000000000024402
0.0545919843699077
0.0953300412501765
0.1221471906268245
0.1368269117106790
0.1333409956611713
0.0986491310058314
0.0508898665164491
-0.0467846946465694
-0.0843178919931275
-0.1223575347693891
-0.1286365604425736
-0.1144637422102739
-0.0872988320924881
-0.0484716506699805
0.0000000000048554
0.0484716506793034
0.0872988321008980
0.1144637422176634
0.1286365604488654
0.1223575347742886
0.0843178919960414
0.0467846946471051
-0.0000000000000000
-0.0614945226300268
-0.1014031405991183
-0.1139527171770586
-0.1026265897990896
-0.0771767327306440
-0.0416702939441203
0.0000000000064274
0.0416702939566364
0.0771767327422267
0.1026265898093853
0.1139527171856986
0.1014031406053844
0.0614945226332786
-0.0000000000000000
-0.0000000000000000
-0.0432502089586443
-0.0705196532225768
-0.0908358410694838
-0.0866549460126539
-0.0658719785666975
-0.0354150269091744
0.0000000000073874
0.0354150269236062
0.0658719785801396
0.0866549460244845
0.0908358410788924
0.0705196532285166
0.0432502089609984
-0.0000000000000000
-0.0000000000000000
-0.0000000000000000
-0.0388798218125326
-0.0582386796552966
-0.0638214175167696
-0.0516601928314899
-0.0283880634012581
0.0000000000075312
0.0283880634158954
0.0516601928448458
0.0638214175278106
0.0582386796629474
0.0388798218164699
-0.0000000000000000
-0.0000000000000000
-0.0000000000000000
-0.0000000000000000
-0.0000000000000000
-0.0297127471662999
-0.0338232673050067
-0.0317820308553899
-0.0186087556820799
0.0000000000061891
0.0186087556938626
0.0317820308654344
0.0338232673122603
0.0297127471705683
-0.0000000000000000
-0.0000000000000000
-0.0000000000000000
-0.0000000000000000
-0.0000000000000000
-0.0000000000000000
-0.0000000000000000
-0.0000000000000000
-0.0156742988275208
-0.0085129735833528
0.0000000000032291
0.0085129735893738
0.0156742988326422
-0.0000000000000000
-0.0000000000000000
-0.0000000000000000
-0.0000000000000000
-0.0000000000000000
0.0000000000000000
0.0000000000000000
0.0000000000000000
0.0000000000000000
0.0000000000000000
0.0415500551237025
0.0431917745075477
0.0439944395735674
0.0431917745080838
0.0415500551247261
0.0000000000000000
0.0000000000000000
0.0000000000000000
0.0000000000000000
0.0000000000000000
0.0000000000000000
0.0000000000000000
0.0000000000000000
0.0397455286606975
0.0439648199049500
0.0639176750889055
0.0805241437420796
0.0864000872685820
0.0805241437435331
0.0639176750912335
0.0439648199071856
0.0397455286626819
0.0000000000000000
0.0000000000000000
0.0000000000000000
0.0000000000000000
0.0000000000000000
0.0360959780460044
0.0515159574741093
0.0847574951236419
0.1100059797593520
0.1245985902535101
0.1294789514017835
0.1245985902561473
0.1100059797640168
0.0847574951290685
0.0515159574786044
0.0360959780486882
0.0000000000000000
0.0000000000000000
0.0000000000000000
0.0322275789440615
0.0429363207622237
0.0782561084744745
0.1062005299830980
0.1242839338360793
0.1346938975429035
0.1381874925709273
0.1346938975464114
0.1242839338425701
0.1062005299914686
0.0782561084827990
0.0429363207680546
0.0322275789473634
0.0000000000000000
0.0000000000000000
0.0266477292183441
0.0542412880083025
0.0813812851466909
0.1005847835868431
0.1142849069545869
0.1233217661840150
0.1265270332986512
0.1233217661882236
0.1142849069624189
0.1005847835972461
0.0813812851580359
0.0542412880178537
0.0266477292236868
0.0000000000000000
0.0201201681678060
0.0251334021639591
0.0477768944652675
0.0654557886767383
0.0788939930374959
0.0902322460221302
0.0991552050068160
0.1027974329890334
0.0991552050117304
0.0902322460311228
0.0788939930493835
0.0654557886900693
0.0477768944776475
0.0251334021720641
0.0201201681721388
0.0144652866329957
0.0165942370278521
0.0288680466044866
0.0384527352521389
0.0465928431810329
0.0548096484099654
0.0626910185859145
0.0660257028590825
0.0626910185915719
0.0548096484199742
0.0465928431939976
0.0384527352666946
0.0288680466185579
0.0165942370379883
0.0144652866380585
0.0067461735482571
0.0014902788192567
0.0034463551444879
0.0055815625074733
0.0075764856232726
0.0097712929838521
0.0120017843933221
0.0127178982297480
0.0120017843994275
0.0097712929944362
0.0075764856367456
0.0055815625225644
0.0034463551592674
0.0014902788303291
0.0067461735538534
-0.0001203614079380
-0.0149449104286917
-0.0231863791723249
-0.0284541366266984
-0.0329749270158530
-0.0381023094956416
-0.0431830795507783
-0.0456629709407619
-0.0431830795448341
-0.0381023094852617
-0.0329749270025532
-0.0284541366118002
-0.0231863791578063
-0.0149449104179505
-0.0001203614023969
-0.0050125628521187
-0.0272632332715345
-0.0458421750157843
-0.0588698984135065
-0.0691391579289722
-0.0786877792334961
-0.0872279783063837
-0.0908577844799391
-0.0872279783011058
-0.0786877792239907
-0.0691391579165090
-0.0588698983995001
-0.0458421750024616
-0.0272632332623537
-0.0050125628470246
0.0000000000000000
-0.0304256897478458
-0.0586281165390413
-0.0808399419390303
-0.0963290710602048
-0.1083716760509634
-0.1171051636419200
-0.1202746935253848
-0.1171051636373827
-0.1083716760425601
-0.0963290710490304
-0.0808399419266227
-0.0586281165280001
-0.0304256897411500
0.0000000000000000
0.0000000000000000
-0.0220262981387206
-0.0555743977739320
-0.0880297915727718
-0.1106913469261835
-0.1257683349924872
-0.1350287986121512
-0.1382388722762277
-0.1350287986082952
-0.1257683349853148
-0.1106913469167482
-0.0880297915628813
-0.0555743977662536
-0.0220262981340113
0.0000000000000000
0.0000000000000000
0.0000000000000000
-0.0368389101453790
-0.0715835516249075
-0.1033027820288619
-0.1249622945356991
-0.1369514002867210
-0.1409294563647091
-0.1369514002836301
-0.1249622945300741
-0.1033027820219128
-0.0715835516185663
-0.0368389101411456
0.0000000000000000
0.0000000000000000
0.0000000000000000
0.0000000000000000
0.0000000000000000
-0.0399363502530307
-0.0678673598291840
-0.0939804058499542
-0.1102431718629885
-0.1158146641542324
-0.1102431718609623
-0.0939804058464937
-0.0678673598255013
-0.0399363502497954
0.0000000000000000
0.0000000000000000
0.0000000000000000
0.0000000000000000
0.0000000000000000
0.0000000000000000
0.0000000000000000
0.0000000000000000
-0.0479174830424868
-0.0563345582137868
-0.0604261754449928
-0.0563345582128599
-0.0479174830407802
0.0000000000000000
0.0000000000000000
0.0000000000000000
0.0000000000000000
0.0000000000000000
0.0000000000000000
0.0000000000000000
0.0000000000000000
0.0000000000000000
0.0000000000000000
0.0031052695168221
0.0466447976246855
0.0580381496767759
0.0466447976246786
0.0031052695168156
0.0000000000000000
0.0000000000000000
0.0000000000000000
0.0000000000000000
0.0000000000000000
0.0000000000000000
0.0000000000000000
0.0000000000000000
0.0262160098367168
0.0863963495584919
0.0875115231686316
0.0791121493248242
0.0754582001885550
0.0791121493247894
0.0875115231685784
0.0863963495584462
0.0262160098367005
0.0000000000000000
0.0000000000000000
0.0000000000000000
0.0000000000000000
0.0000000000000000
0.0561511862822145
0.0898082398988977
0.0665926935719104
0.0390459010356045
0.0209470917001321
0.0147047799207413
0.0209470917000753
0.0390459010355048
0.0665926935717975
0.0898082398988130
0.0561511862821842
0.0000000000000000
0.0000000000000000
0.0000000000000000
0.0350082672526775
0.0898038448392735
0.0553711595518233
0.0130734661105093
-0.0158897283697268
-0.0320129419485986
-0.0376532031180177
-0.0320129419486625
-0.0158897283698424
0.0130734661103630
0.0553711595516818
0.0898038448391852
0.0350082672526579
0.0000000000000000
0.0000000000000000
0.0890842038464845
0.0640131436371368
0.0114155864910100
-0.0283768356464885
-0.0554639139257795
-0.0730209670563761
-0.0796407550330080
-0.0730209670564416
-0.0554639139258947
-0.0283768356466328
0.0114155864908594
0.0640131436370166
0.0890842038464303
0.0000000000000000
0.0270679920256838
0.0860609906046436
0.0338961600440908
-0.0191743313293303
-0.0573671502198729
-0.0889629344977459
-0.1135152426807541
-0.1229238715118495
-0.1135152426808163
-0.0889629344978501
-0.0573671502199959
-0.0191743313294566
0.0338961600439811
0.0860609906045803
0.0270679920256785
0.0636212695797254
0.0747404244090899
0.0137909573376766
-0.0371304735137845
-0.0774197188307882
-0.1166852193413363
-0.1475696035190889
-0.1599138905855116
-0.1475696035191352
-0.1166852193414096
-0.0774197188308703
-0.0371304735138649
0.0137909573376069
0.0747404244090473
0.0636212695797201
0.0746622047862142
0.0684498426038041
0.0054961752715223
-0.0441921735711918
-0.0868376733422469
-0.1298737127589031
-0.1653281199395805
-0.1806132553145052
-0.1653281199395928
-0.1298737127589226
-0.0868376733422686
-0.0441921735712116
0.0054961752715081
0.0684498426038000
0.0746622047862211
0.0703085597887224
0.0709020921306145
0.0091429954913401
-0.0408540860758818
-0.0823962952508585
-0.1242335859494800
-0.1579997722616487
-0.1721347137203467
-0.1579997722616207
-0.1242335859494381
-0.0823962952508138
-0.0408540860758370
0.0091429954913854
0.0709020921306528
0.0703085597887458
0.0463773890034788
0.0810125297807961
0.0240988865040452
-0.0274986829394735
-0.0660892661817319
-0.1017388051044124
-0.1294694664329906
-0.1402304705276617
-0.1294694664329371
-0.1017388051043269
-0.0660892661816343
-0.0274986829393730
0.0240988865041414
0.0810125297808648
0.0463773890035139
0.0000000000000000
0.0897955870479349
0.0504606450602822
-0.0030181019791937
-0.0408878041537057
-0.0694299693102224
-0.0898920912842420
-0.0979972981702437
-0.0898920912841797
-0.0694299693101162
-0.0408878041535757
-0.0030181019790553
0.0504606450604072
0.0897955870480088
0.0000000000000000
0.0000000000000000
0.0686537970485634
0.0803809181849290
0.0351631665191645
-0.0064316275169205
-0.0336117144106815
-0.0496374024945115
-0.0553966357587047
-0.0496374024944488
-0.0336117144105690
-0.0064316275167768
0.0351631665193150
0.0803809181850451
0.0686537970486191
0.0000000000000000
0.0000000000000000
0.0000000000000000
0.0856617858937405
0.0777718460688681
0.0431044634269934
0.0130812846299658
-0.0042307064182976
-0.0100330876746283
-0.0042307064182383
0.0130812846300729
0.0431044634271256
0.0777718460689878
0.0856617858938108
0.0000000000000000
0.0000000000000000
0.0000000000000000
0.0000000000000000
0.0000000000000000
0.0784964725568613
0.0863883622663093
0.0697910929370499
0.0557483164093913
0.0502221951682497
0.0557483164094375
0.0697910929371283
0.0863883622663910
0.0784964725569186
0.0000000000000000
0.0000000000000000
0.0000000000000000
0.0000000000000000
0.0000000000000000
0.0000000000000000
0.0000000000000000
0.0000000000000000
0.0715069120009998
0.0860555589941406
0.0886149696628581
0.0860555589941614
0.0715069120010311
0.0000000000000000
0.0000000000000000
0.0000000000000000
0.0000000000000000
0.0000000000000000
0.0000000000000000
0.0000000000000000
0.0000000000000000
0.0000000000000000
0.0000000000000000
0.0061490493747850
0.0065013187536604
0.0000000000012874
-0.0065013187518224
-0.0061490493747188
0.0000000000000000
0.0000000000000000
0.0000000000000000
0.0000000000000000
0.0000000000000000
0.0000000000000000
0.0000000000000000
0.0000000000000000
0.0154711117301365
0.0434551450616693
0.0505681656249035
0.0331833943775383
0.0000000000058414
-0.0331833943671245
-0.0505681656176926
-0.0434551450583547
-0.0154711117302837
0.0000000000000000
0.0000000000000000
0.0000000000000000
0.0000000000000000
0.0000000000000000
0.0288085152835238
0.0805013551445963
0.1073814999949798
0.0947740669852741
0.0540115392766571
0.0000000000080044
-0.0540115392618884
-0.0947740669739497
-0.1073814999885713
-0.0805013551428200
-0.0288085152840779
0.0000000000000000
0.0000000000000000
0.0000000000000000
0.0185764856928580
0.0839785753563248
0.1345729346583718
0.1390675508490785
0.1100115963102977
0.0607272930947724
0.0000000000074299
-0.0607272930811922
-0.1100115963001993
-0.1390675508438114
-0.1345729346580429
-0.0839785753585771
-0.0185764856948436
0.0000000000000000
0.0000000000000000
0.0516117820211075
0.1143198052576895
0.1432123057651457
0.1372396195286022
0.1094879257039988
0.0622805887209991
0.0000000000060346
-0.0622805887105038
-0.1094879256975270
-0.1372396195271385
-0.1432123057685621
-0.1143198052639311
-0.0516117820257166
0.0000000000000000
0.0049638120663815
0.0601674226798112
0.1043214085631450
0.1200747135619144
0.1168942803592200
0.0991028006967829
0.0591882032554132
0.0000000000041455
-0.0591882032490247
-0.0991028006949033
-0.1168942803623841
-0.1200747135696268
-0.1043214085737667
-0.0601674226885773
-0.0049638120701643
0.0050050908373679
0.0405429507800858
0.0663109354321930
0.0764946236125773
0.0781037210142299
0.0698363117585123
0.0440154807100375
0.0000000000018864
-0.0440154807083817
-0.0698363117614926
-0.0781037210217924
-0.0764946236239291
-0.0663109354460876
-0.0405429507921932
-0.0050050908426679
-0.0066500702246046
0.0039017022616846
0.0134254416899876
0.0188312773524286
0.0205824291337541
0.0185980612978495
0.0117605971363287
0.0000000000002788
-0.0117605971379197
-0.0185980613038820
-0.0205824291437871
-0.0188312773656253
-0.0134254417053664
-0.0039017022753292
0.0066500702183844
-0.0223154703662170
-0.0365043740462635
-0.0430397290669603
-0.0426567523815028
-0.0424604169470180
-0.0398219928427851
-0.0265624632160524
0.0000000000007073
0.0265624632152431
0.0398219928374934
0.0424604169376194
0.0426567523689271
0.0430397290522871
0.0365043740334406
0.0223154703605716
-0.0333969168764814
-0.0654684733342221
-0.0914845926058076
-0.0956044983408005
-0.0928203746958928
-0.0814406678142926
-0.0509484655762368
0.0000000000026331
0.0509484655794344
0.0814406678129677
0.0928203746900147
0.0956044983311641
0.0914845925939177
0.0654684733243010
0.0333969168726835
0.0000000000000000
-0.0704066483223954
-0.1188191481127306
-0.1316075377210703
-0.1236972023861801
-0.1009670423537413
-0.0592471670235119
0.0000000000046507
0.0592471670311316
0.1009670423572230
0.1236972023849865
0.1316075377157444
0.1188191481051544
0.0704066483165980
0.0000000000000000
0.0000000000000000
-0.0530499690928376
-0.1104525640061185
-0.1431489027909124
-0.1366956741237735
-0.1070399795799622
-0.0596497765939549
0.0000000000062861
0.0596497766052072
0.1070399795877773
0.1366956741272306
0.1431489027902932
0.1104525640031865
0.0530499690911075
0.0000000000000000
0.0000000000000000
0.0000000000000000
-0.0668569150761887
-0.1139221259302902
-0.1258004047451748
-0.1018343742279093
-0.0563897787492222
0.0000000000075677
0.0563897787632400
0.1018343742389153
0.1258004047519553
0.1139221259328275
0.0668569150763487
0.0000000000000000
0.0000000000000000
0.0000000000000000
0.0000000000000000
0.0000000000000000
-0.0544917474848954
-0.0776946101260655
-0.0744628639413548
-0.0439503374139614
0.0000000000074365
0.0439503374276983
0.0744628639519815
0.0776946101323389
0.0544917474877052
0.0000000000000000
0.0000000000000000
0.0000000000000000
0.0000000000000000
0.0000000000000000
0.0000000000000000
0.0000000000000000
0.0000000000000000
-0.0297553803297418
-0.0197965458621303
0.0000000000042680
0.0197965458698013
0.0297553803354761
0.0000000000000000
0.0000000000000000
0.0000000000000000
0.0000000000000000
0.0000000000000000
0.0000000000000000
0.0000000000000000
0.0000000000000000
0.0000000000000000
0.0000000000000000
0.0007066133956717
0.0183817729606086
0.0255254044526434
0.0183817729612044
0.0007066133961174
0.0000000000000000
0.0000000000000000
0.0000000000000000
0.0000000000000000
0.0000000000000000
0.0000000000000000
0.0000000000000000
0.0000000000000000
-0.0005477691170123
0.0332186576137112
0.0691690954602455
0.0984323125626119
0.1100179476673595
0.0984323125661834
0.0691690954656235
0.0332186576181706
-0.0005477691158042
0.0000000000000000
0.0000000000000000
0.0000000000000000
0.0000000000000000
0.0000000000000000
-0.0033745883340224
0.0191459921949595
0.0611270257628600
0.1055894756515052
0.1367788343863205
0.1480185359253228
0.1367788343922677
0.1055894756618907
0.0611270257744925
0.0191459922034298
-0.0033745883314689
0.0000000000000000
0.0000000000000000
0.0000000000000000
-0.0172222480166130
-0.0179888579813054
0.0047388773370401
0.0489538953357594
0.0925919395542837
0.1241894334239235
0.1358111250078318
0.1241894334306837
0.0925919395664995
0.0489538953511067
0.0047388773516683
-0.0179888579725508
-0.0172222480153201
0.0000000000000000
0.0000000000000000
-0.0397360298258037
-0.0555572137591361
-0.0311394275029403
0.0126169018532334
0.0579437324183774
0.0944885685626405
0.1087907714350815
0.0944885685696378
0.0579437324306531
0.0126169018685516
-0.0311394274871184
-0.0555572137468521
-0.0397360298207672
0.0000000000000000
-0.0340332716107415
-0.0781475240409510
-0.0968618592762084
-0.0716829830256834
-0.0309371796962305
0.0145789940303175
0.0553841170149257
0.0726298531843426
0.0553841170216533
0.0145789940415639
-0.0309371796830204
-0.0716829830122431
-0.0968618592648196
-0.0781475240348791
-0.0340332716110669
-0.0468902343172371
-0.1092959169998506
-0.1276505075344406
-0.1057842364591402
-0.0720988092459997
-0.0310732410444221
0.0107077893676610
0.0298400351213838
0.0107077893727914
-0.0310732410363014
-0.0720988092369611
-0.1057842364503990
-0.1276505075271068
-0.1092959169958533
-0.0468902343175329
-0.0550310984888248
-0.1236582435506415
-0.1415869662483088
-0.1230071884743170
-0.0951619540328646
-0.0596145814970153
-0.0197679684221814
-0.0004353439690980
-0.0197679684205692
-0.0596145814944875
-0.0951619540301167
-0.1230071884718865
-0.1415869662467488
-0.1236582435506339
-0.0550310984903844
-0.0498674426332995
-0.1160094579480004
-0.1349700147436733
-0.1171809723298873
-0.0891757273694921
-0.0526118922077335
-0.0123363507951431
0.0077277771865297
-0.0123363507977746
-0.0526118922116711
-0.0891757273737156
-0.1171809723342569
-0.1349700147483665
-0.1160094579524711
-0.0498674426365853
-0.0335758100282493
-0.0889490515907824
-0.1088519386924731
-0.0896747702445486
-0.0562207899523543
-0.0153523998517468
0.0254788904243401
0.0442154367465957
0.0254788904189568
-0.0153523998603582
-0.0562207899622135
-0.0896747702548391
-0.1088519387026129
-0.0889490515985308
-0.0335758100327627
0.0000000000000000
-0.0506674064093544
-0.0682776065433916
-0.0491855839754137
-0.0122639431084411
0.0299525456269660
0.0674623063134336
0.0827127445172576
0.0674623063070637
0.0299525456160923
-0.0122639431218326
-0.0491855839898189
-0.0682776065567311
-0.0506674064177428
0.0000000000000000
0.0000000000000000
-0.0138287852857485
-0.0245448747876249
-0.0046212016597435
0.0316681654489685
0.0710009871318816
0.1021893642383860
0.1141778006680515
0.1021893642319030
0.0710009871202167
0.0316681654339847
-0.0046212016756385
-0.0245448748002532
-0.0138287852922719
0.0000000000000000
0.0000000000000000
0.0000000000000000
0.0041183314895391
0.0257884386410213
0.0638309465081010
0.1018536054264671
0.1290816646054161
0.1392038550015106
0.1290816645992218
0.1018536054152374
0.0638309464941076
0.0257884386281082
0.0041183314816221
0.0000000000000000
0.0000000000000000
0.0000000000000000
0.0000000000000000
0.0000000000000000
0.0283225665124444
0.0604925021107643
0.1001082742654551
0.1283434544039939
0.1386463262774335
0.1283434543990872
0.1001082742570862
0.0604925021018978
0.0283225665059977
0.0000000000000000
0.0000000000000000
0.0000000000000000
0.0000000000000000
0.0000000000000000
0.0000000000000000
0.0000000000000000
0.0000000000000000
0.0550648597694761
0.0733648309418789
0.0814180426165813
0.0733648309395865
0.0550648597659727
0.0000000000000000
0.0000000000000000
0.0000000000000000
0.0000000000000000
0.0000000000000000
0.0000000000000000
0.0000000000000000
0.0000000000000000
0.0000000000000000
0.0000000000000000
0.0478732944648854
0.0251221163162787
0.0000000000040703
-0.0251221163080317
-0.0478732944565954
0.0000000000000000
0.0000000000000000
0.0000000000000000
0.0000000000000000
0.0000000000000000
0.0000000000000000
0.0000000000000000
0.0000000000000000
0.1027123582984594
0.0702672882585542
0.0431642602073846
0.0196394175064027
0.0000000000019303
-0.0196394175021324
-0.0431642602021446
-0.0702672882523230
-0.1027123582917267
0.0000000000000000
0.0000000000000000
0.0000000000000000
0.0000000000000000
0.0000000000000000
0.1290294212755715
0.0873739691504245
0.0482068449153141
0.0182699173897089
0.0045801746424669
-0.0000000000008477
-0.0045801746436917
-0.0182699173895445
-0.0482068449128953
-0.0873739691456634
-0.1290294212699445
0.0000000000000000
0.0000000000000000
0.0000000000000000
0.1555872181571716
0.1078317872759867
0.0501511459562285
0.0046608775699423
-0.0116914992053171
-0.0099138474048688
-0.0000000000021814
0.0099138474008318
0.0116914992022308
-0.0046608775713359
-0.0501511459549982
-0.1078317872720383
-0.1555872181523908
0.0000000000000000
0.0000000000000000
0.1366666644735117
0.0717972256116676
0.0012869331183875
-0.0307286232496513
-0.0357798399858650
-0.0233248391063415
-0.0000000000025548
0.0233248391015301
0.0357798399818871
0.0307286232468911
-0.0012869331194523
-0.0717972256102128
-0.1366666644699304
0.0000000000000000
0.1788705952917464
0.1182436536277312
0.0288657528451166
-0.0346930110963259
-0.0594969410944191
-0.0600235001753607
-0.0380716294070556
-0.0000000000022367
0.0380716294028717
0.0600235001718482
0.0594969410917712
0.0346930110947427
-0.0288657528451704
-0.1182436536256198
-0.1788705952883456
0.1737395361299005
0.0989859032227670
-0.0010436367767785
-0.0587243849612893
-0.0831784534574896
-0.0823193973785090
-0.0543630301520566
-0.0000000000012541
0.0543630301497037
0.0823193973765359
0.0831784534558786
0.0587243849601263
0.0010436367762902
-0.0989859032218587
-0.1737395361276961
0.1687542092931451
0.0866911469354006
-0.0155874383078390
-0.0714991945272793
-0.0968334218064658
-0.0966650135161864
-0.0639482797861654
0.0000000000002555
0.0639482797866362
0.0966650135163790
0.0968334218063078
0.0714991945268851
0.0155874383074046
-0.0866911469352871
-0.1687542092919858
0.1676960729239362
0.0892708409975507
-0.0130172977539630
-0.0705947929108848
-0.0960717238213123
-0.0948793830604020
-0.0622661389529505
0.0000000000016740
0.0622661389559644
0.0948793830625071
0.0960717238224206
0.0705947929111707
0.0130172977535766
-0.0892708409980743
-0.1676960729236418
0.1682704641351278
0.1049040260692221
0.0058635838494091
-0.0564974184988871
-0.0817829107460495
-0.0797522070912193
-0.0506885290657357
0.0000000000022443
0.0506885290697676
0.0797522070941610
0.0817829107477411
0.0564974184993692
-0.0058635838501535
-0.1049040260704725
-0.1682704641354075
0.0000000000000000
0.1242013396392345
0.0424129011140475
-0.0287491666954880
-0.0573033384526061
-0.0584297366452033
-0.0364867892235995
0.0000000000019851
0.0364867892272034
0.0584297366478518
0.0573033384539431
0.0287491666953074
-0.0424129011158215
-0.1242013396412924
0.0000000000000000
0.0000000000000000
0.1351062882811683
0.0861022346103375
0.0150889391530644
-0.0254368120473178
-0.0338761007045798
-0.0224483884096416
0.0000000000012238
0.0224483884117614
0.0338761007058197
0.0254368120471662
-0.0150889391550454
-0.0861022346135328
-0.1351062882837861
0.0000000000000000
0.0000000000000000
0.0000000000000000
0.1080072896618408
0.0658889852618941
0.0183259951889258
-0.0051839118767848
-0.0077969286557472
-0.0000000000001195
0.0077969286551631
0.0051839118752276
-0.0183259951919586
-0.0658889852661220
-0.1080072896657322
0.0000000000000000
0.0000000000000000
0.0000000000000000
0.0000000000000000
0.0000000000000000
0.0867919655049231
0.0571733239657912
0.0284418400336207
0.0100670549547177
-0.0000000000021582
-0.0100670549592898
-0.0284418400387472
-0.0571733239712076
-0.0867919655097220
0.0000000000000000
0.0000000000000000
0.0000000000000000
0.0000000000000000
0.0000000000000000
0.0000000000000000
0.0000000000000000
0.0000000000000000
0.0439449018603927
0.0213787566387172
-0.0000000000031794
-0.0213787566449526
-0.0439449018661900
0.0000000000000000
0.0000000000000000
0.0000000000000000
0.0000000000000000
0.0000000000000000
0.0000000000000000
0.0000000000000000
0.0000000000000000
0.0000000000000000
0.0000000000000000
0.1891359955823060
0.1910856036987008
0.1898419413962844
0.1910856036998529
0.1891359955845015
0.0000000000000000
0.0000000000000000
0.0000000000000000
0.0000000000000000
0.0000000000000000
0.0000000000000000
0.0000000000000000
0.0000000000000000
0.1534226798173979
0.1475850494336615
0.1309388082696304
0.1136751889953308
0.1062541174267675
0.1136751889962315
0.1309388082716097
0.1475850494368836
0.1534226798221080
0.0000000000000000
0.0000000000000000
0.0000000000000000
0.0000000000000000
0.0000000000000000
0.1277455811528230
0.1117298120510655
0.0652797170362203
0.0212413784426671
-0.0052644145215675
-0.0141323536380723
-0.0052644145213575
0.0212413784435048
0.0652797170384309
0.1117298120550722
0.1277455811587400
0.0000000000000000
0.0000000000000000
0.0000000000000000
0.1061526265941841
0.0870465310572134
0.0288390367233881
-0.0236658625951339
-0.0550294151712247
-0.0714716058493540
-0.0769769548992718
-0.0714716058498088
-0.0550294151717609
-0.0236658625949203
0.0288390367256879
0.0870465310621584
0.1061526266013191
0.0000000000000000
0.0000000000000000
0.0750789104034986
0.0239661991246534
-0.0294365343458067
-0.0608461467722189
-0.0811012954580831
-0.0940546935666163
-0.0984785088531191
-0.0940546935676859
-0.0811012954597239
-0.0608461467736282
-0.0294365343457478
0.0239661991279458
0.0750789104097659
0.0000000000000000
0.0719042454827589
0.0351964562345170
-0.0172745441480356
-0.0479759301503514
-0.0655013423016690
-0.0776754487558405
-0.0862240228588950
-0.0899660959535850
-0.0862240228606410
-0.0776754487585932
-0.0655013423043976
-0.0479759301519425
-0.0172745441467119
0.0351964562399394
0.0719042454909617
0.0424949617741719
0.0026017172492582
-0.0322832119718091
-0.0440436737683097
-0.0486813006216863
-0.0501416713695477
-0.0518784411376758
-0.0522521929570629
-0.0518784411401689
-0.0501416713733229
-0.0486813006255009
-0.0440436737710029
-0.0322832119718572
0.0026017172537974
0.0424949617821393
0.0173177878380468
-0.0178949864695167
-0.0333605855583294
-0.0293707078493694
-0.0193713169103696
-0.0054874159985113
0.0074541092120174
0.0115745762685445
0.0074541092090848
-0.0054874160029443
-0.0193713169148104
-0.0293707078526484
-0.0333605855590444
-0.0178949864655413
0.0173177878457856
-0.0015529474916095
-0.0311553485579712
-0.0311730558138192
-0.0128960913777453
0.0104958573003192
0.0392809899413974
0.0666710772496307
0.0776160132446809
0.0666710772467752
0.0392809899370462
0.0104958572959133
-0.0128960913809828
-0.0311730558144163
-0.0311553485538775
-0.0015529474839193
-0.0119421879597031
-0.0432457995323114
-0.0350074157451072
-0.0038640062858426
0.0292527186499438
0.0645285246035593
0.0961494646150237
0.1096672989119902
0.0961494646126992
0.0645285245999019
0.0292527186461932
-0.0038640062884336
-0.0350074157448385
-0.0432457995275007
-0.0119421879519865
0.0000000000000000
-0.0553146474758770
-0.0517598245894917
-0.0122660481844765
0.0284536353353145
0.0653512677706426
0.0933463887143697
0.1042259341579448
0.0933463887126965
0.0653512677679630
0.0284536353326865
-0.0122660481857950
-0.0517598245875468
-0.0553146474701813
0.0000000000000000
0.0000000000000000
-0.0619761673128347
-0.0769212781293503
-0.0459328077775139
0.0017915423499710
0.0400353207079965
0.0652617442185305
0.0747245381268159
0.0652617442175010
0.0400353207064429
0.0017915423488045
-0.0459328077768220
-0.0769212781254018
-0.0619761673066389
0.0000000000000000
0.0000000000000000
0.0000000000000000
-0.0880433500214670
-0.0921270990890562
-0.0585728005584638
-0.0186290700041156
0.0080690516624094
0.0176138310047589
0.0080690516620518
-0.0186290700043534
-0.0585728005576235
-0.0921270990860347
-0.0880433500165140
0.0000000000000000
0.0000000000000000
0.0000000000000000
0.0000000000000000
0.0000000000000000
-0.1047242522209130
-0.1134748331415761
-0.1002992494212727
-0.0829824418551140
-0.0754449587426634
-0.0829824418546523
-0.1002992494199686
-0.1134748331389543
-0.1047242522169328
0.0000000000000000
0.0000000000000000
0.0000000000000000
0.0000000000000000
0.0000000000000000
0.0000000000000000
0.0000000000000000
0.0000000000000000
-0.1230577815694451
-0.1300136284279524
-0.1314937427645657
-0.1300136284269720
-0.1230577815674298
0.0000000000000000
0.0000000000000000
0.0000000000000000
0.0000000000000000
0.0000000000000000
0.0000000000000000
0.0000000000000000
0.0000000000000000
0.0000000000000000
0.0000000000000000
0.0882693634352556
0.0804647465077048
0.0742208841083332
0.0804647465075285
0.0882693634348664
0.0000000000000000
0.0000000000000000
0.0000000000000000
0.0000000000000000
0.0000000000000000
0.0000000000000000
0.0000000000000000
0.0000000000000000
0.0710581901938323
0.0386219846201859
-0.0111600652497946
-0.0432218365810148
-0.0536260604568257
-0.0432218365810851
-0.0111600652499583
0.0386219846198704
0.0710581901931516
0.0000000000000000
0.0000000000000000
0.0000000000000000
0.0000000000000000
0.0000000000000000
0.0678956143293901
0.0038905768683453
-0.0700504237003842
-0.1000940348607399
-0.1039430599690721
-0.1028737395753215
-0.1039430599690523
-0.1000940348607275
-0.0700504237004553
0.0038905768680946
0.0678956143287253
0.0000000000000000
0.0000000000000000
0.0000000000000000
0.0768297632883447
0.0084431604200031
-0.0818822034983275
-0.0996340776573533
-0.0801252046117075
-0.0610396123391735
-0.0533577605873976
-0.0610396123391337
-0.0801252046116211
-0.0996340776572342
-0.0818822034982735
0.0084431604198104
0.0768297632876342
0.0000000000000000
0.0000000000000000
0.0493528711970285
-0.0601207101236378
-0.0957639601291271
-0.0663739364781227
-0.0287731243021834
0.0011722116095754
0.0136944289663091
0.0011722116095804
-0.0287731243021353
-0.0663739364779974
-0.0957639601289285
-0.0601207101235236
0.0493528711967874
0.0000000000000000
0.0989277781137864
0.0053147134486759
-0.0863131312384511
-0.0776151294243342
-0.0320086739088807
0.0207943617610308
0.0686164894281096
0.0889614480882293
0.0686164894280344
0.0207943617609764
-0.0320086739088348
-0.0776151294241536
-0.0863131312381823
0.0053147134487406
0.0989277781132983
0.0971745574571355
-0.0214940024858582
-0.0897422725428280
-0.0636216207571906
-0.0105928893515765
0.0576532599070073
0.1252510437037274
0.1555443612081398
0.1252510437035478
0.0576532599068087
-0.0105928893516512
-0.0636216207570894
-0.0897422725425427
-0.0214940024856119
0.0971745574568801
0.0953911530540774
-0.0288271184568169
-0.0886671791000342
-0.0614696875385155
-0.0081871221954998
0.0636053664799134
0.1375227364875489
0.1653371082333265
0.1375227364872812
0.0636053664795923
-0.0081871221956921
-0.0614696875385064
-0.0886671790997851
-0.0288271184564800
0.0953911530539800
0.1051660792393589
-0.0161339710179956
-0.0873006727347958
-0.0699688013361676
-0.0264955015206536
0.0326072141355304
0.0932340272039962
0.1183793283994050
0.0932340272037072
0.0326072141351586
-0.0264955015209153
-0.0699688013362244
-0.0873006727345734
-0.0161339710176302
0.1051660792393101
0.1183041025823847
0.0186013234304882
-0.0781620699061506
-0.0819575367294853
-0.0536252954046605
-0.0151723401728874
0.0205981589496520
0.0367189157110414
0.0205981589493979
-0.0151723401732342
-0.0536252954049328
-0.0819575367295603
-0.0781620699059151
0.0186013234308447
0.1183041025822537
0.0000000000000000
0.0734355481128621
-0.0432816719675377
-0.0872869016299543
-0.0769775141933682
-0.0579228743978267
-0.0396259869039965
-0.0317399267830139
-0.0396259869041930
-0.0579228743981111
-0.0769775141935956
-0.0872869016299703
-0.0432816719672446
0.0734355481131510
0.0000000000000000
0.0000000000000000
0.1195456210764671
0.0335080156418308
-0.0588212428292386
-0.0853159745994622
-0.0818726697662506
-0.0756001287380264
-0.0727803170068689
-0.0756001287381664
-0.0818726697664470
-0.0853159745995749
-0.0588212428291066
0.0335080156421527
0.1195456210765286
0.0000000000000000
0.0000000000000000
0.0000000000000000
0.1165454531793423
0.0360880403212981
-0.0392563640256764
-0.0720421133464350
-0.0808240164786127
-0.0822693982139848
-0.0808240164786775
-0.0720421133464867
-0.0392563640255942
0.0360880403215436
0.1165454531795277
0.0000000000000000
0.0000000000000000
0.0000000000000000
0.0000000000000000
0.0000000000000000
0.1292365018439517
0.0815974471802566
0.0265884608155461
-0.0058362410621474
-0.0163510916775874
-0.0058362410621185
0.0265884608156401
0.0815974471804324
0.1292365018440625
0.0000000000000000
0.0000000000000000
0.0000000000000000
0.0000000000000000
0.0000000000000000
0.0000000000000000
0.0000000000000000
0.0000000000000000
0.1366867296143512
0.1265027528240846
0.1195529131898427
0.1265027528241271
0.1366867296143910
0.0000000000000000
0.0000000000000000
0.0000000000000000
0.0000000000000000
0.0000000000000000
0.0000000000000000
0.0000000000000000
0.0000000000000000
0.0000000000000000
0.0000000000000000
0.1253319421716502
0.0568074509846408
0.0000000000059776
-0.0568074509725697
-0.1253319421596696
0.0000000000000000
0.0000000000000000
0.0000000000000000
0.0000000000000000
0.0000000000000000
0.0000000000000000
0.0000000000000000
0.0000000000000000
0.2210288073771136
0.1020393212764244
0.0525233570306885
0.0223776786900600
0.0000000000027179
-0.0223776786848133
-0.0525233570260722
-0.1020393212723614
-0.2210288073734517
0.0000000000000000
0.0000000000000000
0.0000000000000000
0.0000000000000000
0.0000000000000000
0.2166598351473672
0.0806221488982798
0.0218670632839265
-0.0050373972730295
-0.0069183388821115
0.0000000000002277
0.0069183388825220
0.0050373972731968
-0.0218670632843429
-0.0806221488993353
-0.2166598351487092
0.0000000000000000
0.0000000000000000
0.0000000000000000
0.2329043626116098
0.0619448853616072
-0.0189756201651018
-0.0397968809824217
-0.0286676661638854
-0.0132552524071137
-0.0000000000003575
0.0132552524062751
0.0286676661626910
0.0397968809804550
0.0189756201614753
-0.0619448853664274
-0.2329043626169428
0.0000000000000000
0.0000000000000000
0.0785236516045593
-0.0382365636868980
-0.0655442176193155
-0.0411348519040817
-0.0157385135250124
-0.0016219033079100
0.0000000000000106
0.0016219033077670
0.0157385135245477
0.0411348519031208
0.0655442176168759
0.0382365636813302
-0.0785236516115691
0.0000000000000000
0.1618117825495826
-0.0214125057357146
-0.0882639516274949
-0.0590222908298672
-0.0146603761585924
0.0181852901431543
0.0248141097627340
0.0000000000004372
-0.0248141097620315
-0.0181852901425981
0.0146603761591458
0.0590222908297677
0.0882639516242625
0.0214125057283725
-0.1618117825568910
0.0849492940953828
-0.0805640374117341
-0.0932834352818065
-0.0326778480241086
0.0251396797048367
0.0657760459638465
0.0592960235846028
0.0000000000001630
-0.0592960235841559
-0.0657760459627749
-0.0251396797028406
0.0326778480262963
0.0932834352816087
0.0805640374059466
-0.0849492941036285
0.0330339968290489
-0.1100285621402291
-0.0812850127811535
-0.0024218867472192
0.0636693034814974
0.1059217292167057
0.0881939865302637
-0.0000000000010533
-0.0881939865315505
-0.1059217292158609
-0.0636693034784998
0.0024218867513150
0.0812850127836079
0.1100285621367315
-0.0330339968367562
0.0170886184035773
-0.1192366643960601
-0.0726779719997158
0.0188271300374571
0.0860682622384725
0.1222470533594813
0.0950113501969262
-0.0000000000024128
-0.0950113502002458
-0.1222470533593245
-0.0860682622349759
-0.0188271300320688
0.0726779720038844
0.1192366643942415
-0.0170886184096958
0.0439402846069581
-0.1163012734495687
-0.0772577999913554
0.0242175775765912
0.0888996853372109
0.1134379433755992
0.0831770510128954
-0.0000000000030894
-0.0831770510173947
-0.1134379433761585
-0.0888996853337985
-0.0242175775707784
0.0772577999960758
0.1163012734483055
-0.0439402846103175
0.0000000000000000
-0.0939415944675133
-0.0962461075645072
0.0044796785643795
0.0735992104688189
0.0923901419869135
0.0639029325214909
-0.0000000000031473
-0.0639029325262601
-0.0923901419880032
-0.0735992104658882
-0.0044796785589139
0.0962461075684962
0.0939415944658420
0.0000000000000000
0.0000000000000000
-0.0194002789864589
-0.1053990414824975
-0.0441298675255601
0.0357097300081747
0.0632139048765024
0.0451831542247711
-0.0000000000028663
-0.0451831542292189
-0.0632139048777085
-0.0357097300056253
0.0441298675301128
0.1053990414846093
0.0194002789849710
0.0000000000000000
0.0000000000000000
0.0000000000000000
-0.0602267496896604
-0.0807184129460083
-0.0278974299475774
0.0158354435392080
0.0205997739428509
-0.0000000000019052
-0.0205997739455398
-0.0158354435391250
0.0278974299504366
0.0807184129490095
0.0602267496896500
0.0000000000000000
0.0000000000000000
0.0000000000000000
0.0000000000000000
0.0000000000000000
-0.0358924015834695
-0.0577700261827177
-0.0312222642486988
-0.0098232372837771
0.0000000000001746
0.0098232372847585
0.0312222642508897
0.0577700261851433
0.0358924015841199
0.0000000000000000
0.0000000000000000
0.0000000000000000
0.0000000000000000
0.0000000000000000
0.0000000000000000
0.0000000000000000
0.0000000000000000
-0.0127939643183830
-0.0138991317673301
0.0000000000010844
0.0138991317693237
0.0127939643195490
0.0000000000000000
0.0000000000000000
0.0000000000000000
0.0000000000000000
0.0000000000000000
0.0000000000000000
0.0000000000000000
0.0000000000000000
0.0000000000000000
0.0000000000000000
0.2349305638026788
0.2358370337558951
0.2330118227648141
0.2358370337569886
0.2349305638049628
0.0000000000000000
0.0000000000000000
0.0000000000000000
0.0000000000000000
0.0000000000000000
0.0000000000000000
0.0000000000000000
0.0000000000000000
0.0763170425902420
0.0805620842671353
0.0858946714376785
0.0944972427036845
0.0969946790379997
0.0944972427028732
0.0858946714372413
0.0805620842692110
0.0763170425984511
0.0000000000000000
0.0000000000000000
0.0000000000000000
0.0000000000000000
0.0000000000000000
-0.0183483803846835
-0.0195059274294109
-0.0150248836594708
-0.0070975566181323
-0.0029081163736805
-0.0019506379210598
-0.0029081163757301
-0.0070975566218090
-0.0150248836630824
-0.0195059274295382
-0.0183483803749542
0.0000000000000000
0.0000000000000000
0.0000000000000000
-0.0926828071781635
-0.0900197354220053
-0.0767641424755949
-0.0472842210428413
-0.0307269938219269
-0.0220643076179099
-0.0189509648316474
-0.0220643076193934
-0.0307269938251768
-0.0472842210480685
-0.0767641424810798
-0.0900197354222775
-0.0926828071639815
0.0000000000000000
0.0000000000000000
-0.1271140781295697
-0.1111371178642131
-0.0558053360360822
-0.0249156896331420
-0.0117118735331508
-0.0025774186866266
0.0017985511402007
-0.0025774186867019
-0.0117118735341519
-0.0249156896360778
-0.0558053360416941
-0.1111371178693490
-0.1271140781263325
0.0000000000000000
-0.1276684684033126
-0.1378910629701789
-0.0697868098739171
-0.0098243169933837
0.0071570959135370
0.0126159528819903
0.0202692526271886
0.0255936812111137
0.0202692526295021
0.0126159528844517
0.0071570959140174
-0.0098243169962514
-0.0697868098799208
-0.1378910629721981
-0.1276684683880621
-0.1455242595389919
-0.1113213818269529
-0.0129178084043279
0.0347331356094768
0.0365498513487556
0.0261100346748067
0.0212532838735161
0.0220765316006977
0.0212532838787652
0.0261100346813990
0.0365498513529429
0.0347331356095988
-0.0129178084090096
-0.1113213818312345
-0.1455242595298154
-0.1355532470841667
-0.0688991871362239
0.0372003627455903
0.0709313650312076
0.0556787989046896
0.0224415389521227
-0.0101784186305127
-0.0227883262263847
-0.0101784186231633
0.0224415389614996
0.0556787989114027
0.0709313650333807
0.0372003627421731
-0.0688991871414571
-0.1355532470782364
-0.1045961386406415
-0.0359448071547091
0.0696604072831802
0.0944309234747485
0.0632131998321039
0.0062986645720323
-0.0530385447268063
-0.0788588586608880
-0.0530385447197258
0.0062986645812216
0.0632131998388997
0.0944309234771382
0.0696604072797357
-0.0359448071602115
-0.1045961386353444
-0.0512276202853728
-0.0219129343785922
0.0809955347132401
0.1012081477379371
0.0588491568967186
-0.0120955107337774
-0.0827190672682132
-0.1127353640556685
-0.0827190672633133
-0.0120955107273052
0.0588491569014141
0.1012081477387160
0.0809955347084155
-0.0219129343837808
-0.0512276202785801
0.0000000000000000
-0.0239923669662718
0.0707783101150771
0.0941129311236338
0.0473794561148723
-0.0264724008442487
-0.0939724684661554
-0.1219307179382765
-0.0939724684637453
-0.0264724008412131
0.0473794561163437
0.0941129311213540
0.0707783101085137
-0.0239923669696145
0.0000000000000000
0.0000000000000000
-0.0158158272147528
0.0432476735688467
0.0798185556455970
0.0393367935021381
-0.0311216172643918
-0.0915967927776272
-0.1155328641872022
-0.0915967927771849
-0.0311216172644227
0.0393367935000325
0.0798185556398809
0.0432476735625937
-0.0158158272130591
0.0000000000000000
0.0000000000000000
0.0000000000000000
0.0117387881501058
0.0602837465141394
0.0498916359001910
-0.0058069532414010
-0.0589688917764222
-0.0802627923726974
-0.0589688917774817
-0.0058069532441376
0.0498916358950717
0.0602837465081092
0.0117387881482400
0.0000000000000000
0.0000000000000000
0.0000000000000000
0.0000000000000000
0.0000000000000000
0.0254956641020657
0.0540905381027308
0.0440328341361421
0.0179120047779002
0.0049113929292457
0.0179120047759833
0.0440328341325518
0.0540905380985924
0.0254956641011734
0.0000000000000000
0.0000000000000000
0.0000000000000000
0.0000000000000000
0.0000000000000000
0.0000000000000000
0.0000000000000000
0.0000000000000000
0.0359801939487436
0.0505438651830532
0.0531381714559196
0.0505438651822559
0.0359801939486418
0.0000000000000000
0.0000000000000000
0.0000000000000000
0.0000000000000000
0.0000000000000000
